        1       23      22      1          
        22      44      43      1          
        43      65      64      1          
        64      86      85      1          
        85      107     106     1          
        106     128     127     1          
        127     149     148     1          
        148     170     169     1          
        169     191     190     1          
        190     212     211     1          
        211     233     232     1          
        232     254     253     1          
        253     275     274     1          
        274     296     295     1          
        295     317     316     1          
        316     338     337     1          
        337     359     358     1          
        358     380     379     1          
        379     401     400     1          
        400     422     421     1          
        1       2       23      1          
        22      23      44      1          
        43      44      65      1          
        64      65      86      1          
        85      86      107     1          
        106     107     128     1          
        127     128     149     1          
        148     149     170     1          
        169     170     191     1          
        190     191     212     1          
        211     212     233     1          
        232     233     254     1          
        253     254     275     1          
        274     275     296     1          
        295     296     317     1          
        316     317     338     1          
        337     338     359     1          
        358     359     380     1          
        379     380     401     1          
        400     401     422     1          
        2       24      23      1          
        23      45      44      1          
        44      66      65      1          
        65      87      86      1          
        86      108     107     1          
        107     129     128     1          
        128     150     149     1          
        149     171     170     1          
        170     192     191     1          
        191     213     212     1          
        212     234     233     1          
        233     255     254     1          
        254     276     275     1          
        275     297     296     1          
        296     318     317     1          
        317     339     338     1          
        338     360     359     1          
        359     381     380     1          
        380     402     401     1          
        401     423     422     1          
        2       3       24      1          
        23      24      45      1          
        44      45      66      1          
        65      66      87      1          
        86      87      108     1          
        107     108     129     1          
        128     129     150     1          
        149     150     171     1          
        170     171     192     1          
        191     192     213     1          
        212     213     234     1          
        233     234     255     1          
        254     255     276     1          
        275     276     297     1          
        296     297     318     1          
        317     318     339     1          
        338     339     360     1          
        359     360     381     1          
        380     381     402     1          
        401     402     423     1          
        3       25      24      1          
        24      46      45      1          
        45      67      66      1          
        66      88      87      1          
        87      109     108     1          
        108     130     129     1          
        129     151     150     1          
        150     172     171     1          
        171     193     192     1          
        192     214     213     1          
        213     235     234     1          
        234     256     255     1          
        255     277     276     1          
        276     298     297     1          
        297     319     318     1          
        318     340     339     1          
        339     361     360     1          
        360     382     381     1          
        381     403     402     1          
        402     424     423     1          
        3       4       25      1          
        24      25      46      1          
        45      46      67      1          
        66      67      88      1          
        87      88      109     1          
        108     109     130     1          
        129     130     151     1          
        150     151     172     1          
        171     172     193     1          
        192     193     214     1          
        213     214     235     1          
        234     235     256     1          
        255     256     277     1          
        276     277     298     1          
        297     298     319     1          
        318     319     340     1          
        339     340     361     1          
        360     361     382     1          
        381     382     403     1          
        402     403     424     1          
        4       26      25      1          
        25      47      46      1          
        46      68      67      1          
        67      89      88      1          
        88      110     109     1          
        109     131     130     1          
        130     152     151     1          
        151     173     172     1          
        172     194     193     1          
        193     215     214     1          
        214     236     235     1          
        235     257     256     1          
        256     278     277     1          
        277     299     298     1          
        298     320     319     1          
        319     341     340     1          
        340     362     361     1          
        361     383     382     1          
        382     404     403     1          
        403     425     424     1          
        4       5       26      1          
        25      26      47      1          
        46      47      68      1          
        67      68      89      1          
        88      89      110     1          
        109     110     131     1          
        130     131     152     1          
        151     152     173     1          
        172     173     194     1          
        193     194     215     1          
        214     215     236     1          
        235     236     257     1          
        256     257     278     1          
        277     278     299     1          
        298     299     320     1          
        319     320     341     1          
        340     341     362     1          
        361     362     383     1          
        382     383     404     1          
        403     404     425     1          
        5       27      26      1          
        26      48      47      1          
        47      69      68      1          
        68      90      89      1          
        89      111     110     1          
        110     132     131     1          
        131     153     152     1          
        152     174     173     1          
        173     195     194     1          
        194     216     215     1          
        215     237     236     1          
        236     258     257     1          
        257     279     278     1          
        278     300     299     1          
        299     321     320     1          
        320     342     341     1          
        341     363     362     1          
        362     384     383     1          
        383     405     404     1          
        404     426     425     1          
        5       6       27      1           
        26      27      48      1          
        47      48      69      1          
        68      69      90      1          
        89      90      111     1          
        110     111     132     1          
        131     132     153     1          
        152     153     174     1          
        173     174     195     1          
        194     195     216     1          
        215     216     237     1          
        236     237     258     1          
        257     258     279     1          
        278     279     300     1          
        299     300     321     1          
        320     321     342     1          
        341     342     363     1          
        362     363     384     1          
        383     384     405     1          
        404     405     426     1          
        6       28      27      1          
        27      49      48      1          
        48      70      69      1          
        69      91      90      1          
        90      112     111     1          
        111     133     132     1          
        132     154     153     1          
        153     175     174     1          
        174     196     195     1          
        195     217     216     1          
        216     238     237     1          
        237     259     258     1          
        258     280     279     1          
        279     301     300     1          
        300     322     321     1          
        321     343     342     1          
        342     364     363     1          
        363     385     384     1          
        384     406     405     1          
        405     427     426     1          
        6       7       28      1          
        27      28      49      1          
        48      49      70      1          
        69      70      91      1          
        90      91      112     1          
        111     112     133     1          
        132     133     154     1          
        153     154     175     1          
        174     175     196     1          
        195     196     217     1          
        216     217     238     1          
        237     238     259     1          
        258     259     280     1          
        279     280     301     1          
        300     301     322     1          
        321     322     343     1          
        342     343     364     1          
        363     364     385     1          
        384     385     406     1          
        405     406     427     1          
        7       29      28      1          
        28      50      49      1          
        49      71      70      1          
        70      92      91      1          
        91      113     112     1          
        112     134     133     1          
        133     155     154     1          
        154     176     175     1          
        175     197     196     1          
        196     218     217     1          
        217     239     238     1          
        238     260     259     1          
        259     281     280     1          
        280     302     301     1          
        301     323     322     1          
        322     344     343     1          
        343     365     364     1          
        364     386     385     1          
        385     407     406     1          
        406     428     427     1          
        7       8       29      1          
        28      29      50      1          
        49      50      71      1          
        70      71      92      1          
        91      92      113     1          
        112     113     134     1          
        133     134     155     1          
        154     155     176     1          
        175     176     197     1          
        196     197     218     1          
        217     218     239     1          
        238     239     260     1          
        259     260     281     1          
        280     281     302     1          
        301     302     323     1          
        322     323     344     1          
        343     344     365     1          
        364     365     386     1          
        385     386     407     1          
        406     407     428     1          
        8       30      29      1          
        29      51      50      1          
        50      72      71      1          
        71      93      92      1          
        92      114     113     1          
        113     135     134     1          
        134     156     155     1          
        155     177     176     1          
        176     198     197     1          
        197     219     218     1          
        218     240     239     1          
        239     261     260     1          
        260     282     281     1          
        281     303     302     1          
        302     324     323     1          
        323     345     344     1          
        344     366     365     1          
        365     387     386     1          
        386     408     407     1          
        407     429     428     1          
        8       9       30      1          
        29      30      51      1          
        50      51      72      1          
        71      72      93      1          
        92      93      114     1          
        113     114     135     1          
        134     135     156     1          
        155     156     177     1          
        176     177     198     1          
        197     198     219     1          
        218     219     240     1          
        239     240     261     1          
        260     261     282     1          
        281     282     303     1          
        302     303     324     1          
        323     324     345     1          
        344     345     366     1          
        365     366     387     1          
        386     387     408     1          
        407     408     429     1          
        9       31      30      1          
        30      52      51      1          
        51      73      72      1          
        72      94      93      1          
        93      115     114     1          
        114     136     135     1          
        135     157     156     1          
        156     178     177     1          
        177     199     198     1          
        198     220     219     1          
        219     241     240     1          
        240     262     261     1          
        261     283     282     1          
        282     304     303     1          
        303     325     324     1          
        324     346     345     1          
        345     367     366     1          
        366     388     387     1          
        387     409     408     1          
        408     430     429     1          
        9       10      31      1          
        30      31      52      1          
        51      52      73      1          
        72      73      94      1          
        93      94      115     1          
        114     115     136     1          
        135     136     157     1          
        156     157     178     1          
        177     178     199     1          
        198     199     220     1          
        219     220     241     1          
        240     241     262     1          
        261     262     283     1          
        282     283     304     1          
        303     304     325     1          
        324     325     346     1          
        345     346     367     1          
        366     367     388     1          
        387     388     409     1          
        408     409     430     1          
        10      32      31      1          
        31      53      52      1          
        52      74      73      1          
        73      95      94      1          
        94      116     115     1          
        115     137     136     1          
        136     158     157     1          
        157     179     178     1          
        178     200     199     1          
        199     221     220     1          
        220     242     241     1          
        241     263     262     1          
        262     284     283     1          
        283     305     304     1          
        304     326     325     1          
        325     347     346     1          
        346     368     367     1          
        367     389     388     1          
        388     410     409     1          
        409     431     430     1          
        10      11      32      1          
        31      32      53      1          
        52      53      74      1          
        73      74      95      1          
        94      95      116     1          
        115     116     137     1          
        136     137     158     1          
        157     158     179     1          
        178     179     200     1          
        199     200     221     1          
        220     221     242     1          
        241     242     263     1          
        262     263     284     1          
        283     284     305     1          
        304     305     326     1          
        325     326     347     1          
        346     347     368     1          
        367     368     389     1          
        388     389     410     1          
        409     410     431     1          
        11      33      32      1          
        32      54      53      1          
        53      75      74      1          
        74      96      95      1          
        95      117     116     1          
        116     138     137     1          
        137     159     158     1          
        158     180     179     1          
        179     201     200     1          
        200     222     221     1          
        221     243     242     1          
        242     264     263     1          
        263     285     284     1          
        284     306     305     1          
        305     327     326     1          
        326     348     347     1          
        347     369     368     1          
        368     390     389     1          
        389     411     410     1          
        410     432     431     1          
        11      12      33      1          
        32      33      54      1          
        53      54      75      1          
        74      75      96      1          
        95      96      117     1          
        116     117     138     1          
        137     138     159     1          
        158     159     180     1          
        179     180     201     1          
        200     201     222     1          
        221     222     243     1          
        242     243     264     1          
        263     264     285     1          
        284     285     306     1          
        305     306     327     1          
        326     327     348     1          
        347     348     369     1          
        368     369     390     1          
        389     390     411     1          
        410     411     432     1          
        12      34      33      1          
        33      55      54      1          
        54      76      75      1          
        75      97      96      1          
        96      118     117     1          
        117     139     138     1          
        138     160     159     1          
        159     181     180     1          
        180     202     201     1          
        201     223     222     1          
        222     244     243     1          
        243     265     264     1          
        264     286     285     1          
        285     307     306     1          
        306     328     327     1          
        327     349     348     1          
        348     370     369     1          
        369     391     390     1          
        390     412     411     1          
        411     433     432     1          
        12      13      34      1          
        33      34      55      1          
        54      55      76      1          
        75      76      97      1          
        96      97      118     1          
        117     118     139     1          
        138     139     160     1          
        159     160     181     1          
        180     181     202     1          
        201     202     223     1          
        222     223     244     1          
        243     244     265     1          
        264     265     286     1          
        285     286     307     1          
        306     307     328     1          
        327     328     349     1          
        348     349     370     1          
        369     370     391     1          
        390     391     412     1          
        411     412     433     1          
        13      35      34      1          
        34      56      55      1          
        55      77      76      1          
        76      98      97      1          
        97      119     118     1          
        118     140     139     1          
        139     161     160     1          
        160     182     181     1          
        181     203     202     1          
        202     224     223     1          
        223     245     244     1          
        244     266     265     1          
        265     287     286     1          
        286     308     307     1          
        307     329     328     1          
        328     350     349     1          
        349     371     370     1          
        370     392     391     1          
        391     413     412     1          
        412     434     433     1          
        13      14      35      1          
        34      35      56      1          
        55      56      77      1          
        76      77      98      1          
        97      98      119     1          
        118     119     140     1          
        139     140     161     1          
        160     161     182     1          
        181     182     203     1          
        202     203     224     1          
        223     224     245     1          
        244     245     266     1          
        265     266     287     1          
        286     287     308     1          
        307     308     329     1          
        328     329     350     1          
        349     350     371     1          
        370     371     392     1          
        391     392     413     1          
        412     413     434     1          
        14      36      35      1          
        35      57      56      1          
        56      78      77      1          
        77      99      98      1          
        98      120     119     1          
        119     141     140     1          
        140     162     161     1          
        161     183     182     1          
        182     204     203     1          
        203     225     224     1          
        224     246     245     1          
        245     267     266     1          
        266     288     287     1          
        287     309     308     1          
        308     330     329     1          
        329     351     350     1          
        350     372     371     1          
        371     393     392     1          
        392     414     413     1          
        413     435     434     1          
        14      15      36      1          
        35      36      57      1          
        56      57      78      1          
        77      78      99      1          
        98      99      120     1          
        119     120     141     1          
        140     141     162     1          
        161     162     183     1          
        182     183     204     1          
        203     204     225     1          
        224     225     246     1          
        245     246     267     1          
        266     267     288     1          
        287     288     309     1          
        308     309     330     1          
        329     330     351     1          
        350     351     372     1          
        371     372     393     1          
        392     393     414     1          
        413     414     435     1          
        15      37      36      1          
        36      58      57      1          
        57      79      78      1          
        78      100     99      1          
        99      121     120     1          
        120     142     141     1          
        141     163     162     1          
        162     184     183     1          
        183     205     204     1          
        204     226     225     1          
        225     247     246     1          
        246     268     267     1          
        267     289     288     1          
        288     310     309     1          
        309     331     330     1          
        330     352     351     1          
        351     373     372     1          
        372     394     393     1          
        393     415     414     1          
        414     436     435     1          
        15      16      37      1          
        36      37      58      1          
        57      58      79      1          
        78      79      100     1          
        99      100     121     1          
        120     121     142     1          
        141     142     163     1          
        162     163     184     1          
        183     184     205     1          
        204     205     226     1          
        225     226     247     1          
        246     247     268     1          
        267     268     289     1          
        288     289     310     1          
        309     310     331     1          
        330     331     352     1          
        351     352     373     1          
        372     373     394     1          
        393     394     415     1          
        414     415     436     1          
        16      38      37      1          
        37      59      58      1          
        58      80      79      1          
        79      101     100     1          
        100     122     121     1          
        121     143     142     1          
        142     164     163     1          
        163     185     184     1          
        184     206     205     1          
        205     227     226     1          
        226     248     247     1          
        247     269     268     1          
        268     290     289     1          
        289     311     310     1          
        310     332     331     1          
        331     353     352     1          
        352     374     373     1          
        373     395     394     1          
        394     416     415     1          
        415     437     436     1           
        16      17      38      1          
        37      38      59      1          
        58      59      80      1          
        79      80      101     1          
        100     101     122     1          
        121     122     143     1          
        142     143     164     1          
        163     164     185     1          
        184     185     206     1          
        205     206     227     1          
        226     227     248     1          
        247     248     269     1          
        268     269     290     1          
        289     290     311     1          
        310     311     332     1          
        331     332     353     1          
        352     353     374     1          
        373     374     395     1          
        394     395     416     1          
        415     416     437     1          
        17      39      38      1          
        38      60      59      1          
        59      81      80      1          
        80      102     101     1          
        101     123     122     1          
        122     144     143     1          
        143     165     164     1          
        164     186     185     1          
        185     207     206     1          
        206     228     227     1          
        227     249     248     1          
        248     270     269     1          
        269     291     290     1          
        290     312     311     1          
        311     333     332     1          
        332     354     353     1          
        353     375     374     1          
        374     396     395     1          
        395     417     416     1          
        416     438     437     1          
        17      18      39      1          
        38      39      60      1          
        59      60      81      1          
        80      81      102     1          
        101     102     123     1          
        122     123     144     1          
        143     144     165     1          
        164     165     186     1          
        185     186     207     1          
        206     207     228     1          
        227     228     249     1          
        248     249     270     1          
        269     270     291     1          
        290     291     312     1          
        311     312     333     1          
        332     333     354     1          
        353     354     375     1          
        374     375     396     1          
        395     396     417     1          
        416     417     438     1          
        18      40      39      1          
        39      61      60      1          
        60      82      81      1          
        81      103     102     1          
        102     124     123     1          
        123     145     144     1          
        144     166     165     1          
        165     187     186     1          
        186     208     207     1          
        207     229     228     1          
        228     250     249     1          
        249     271     270     1          
        270     292     291     1          
        291     313     312     1          
        312     334     333     1          
        333     355     354     1          
        354     376     375     1          
        375     397     396     1          
        396     418     417     1          
        417     439     438     1          
        18      19      40      1          
        39      40      61      1          
        60      61      82      1          
        81      82      103     1          
        102     103     124     1          
        123     124     145     1          
        144     145     166     1          
        165     166     187     1          
        186     187     208     1          
        207     208     229     1          
        228     229     250     1          
        249     250     271     1          
        270     271     292     1          
        291     292     313     1          
        312     313     334     1          
        333     334     355     1          
        354     355     376     1          
        375     376     397     1          
        396     397     418     1          
        417     418     439     1          
        19      41      40      1          
        40      62      61      1          
        61      83      82      1          
        82      104     103     1          
        103     125     124     1          
        124     146     145     1          
        145     167     166     1          
        166     188     187     1          
        187     209     208     1          
        208     230     229     1          
        229     251     250     1          
        250     272     271     1          
        271     293     292     1          
        292     314     313     1          
        313     335     334     1          
        334     356     355     1          
        355     377     376     1          
        376     398     397     1          
        397     419     418     1          
        418     440     439     1          
        19      20      41      1          
        40      41      62      1          
        61      62      83      1          
        82      83      104     1          
        103     104     125     1          
        124     125     146     1          
        145     146     167     1          
        166     167     188     1          
        187     188     209     1          
        208     209     230     1          
        229     230     251     1          
        250     251     272     1          
        271     272     293     1          
        292     293     314     1          
        313     314     335     1          
        334     335     356     1          
        355     356     377     1          
        376     377     398     1          
        397     398     419     1          
        418     419     440     1          
        20      42      41      1          
        41      63      62      1          
        62      84      83      1          
        83      105     104     1          
        104     126     125     1          
        125     147     146     1          
        146     168     167     1          
        167     189     188     1          
        188     210     209     1          
        209     231     230     1          
        230     252     251     1          
        251     273     272     1          
        272     294     293     1          
        293     315     314     1          
        314     336     335     1          
        335     357     356     1          
        356     378     377     1          
        377     399     398     1          
        398     420     419     1          
        419     441     440     1          
        20      21      42      1          
        41      42      63      1          
        62      63      84      1          
        83      84      105     1          
        104     105     126     1          
        125     126     147     1          
        146     147     168     1          
        167     168     189     1          
        188     189     210     1          
        209     210     231     1          
        230     231     252     1          
        251     252     273     1          
        272     273     294     1          
        293     294     315     1          
        314     315     336     1          
        335     336     357     1          
        356     357     378     1          
        377     378     399     1          
        398     399     420     1          
        419     420     441     1        
